    mean_fit_time  mean_score_time  mean_test_score  mean_train_score  \
0        3.563661         0.657883         0.589348          0.589957   
1        3.086954         0.516016         0.648283          0.740673   
2        3.132751         0.583505         0.585023          0.585023   
3        2.693065         0.449491         0.648283          0.740673   
4        2.732616         0.517710         0.585023          0.585023   
5        2.687698         0.451255         0.648283          0.740673   
6        2.885141         0.516852         0.644228          0.691943   
7        4.343910         0.433047         0.623141          0.777439   
8        2.960966         0.538801         0.589889          0.590565   
9        4.286634         0.435572         0.623141          0.777439   
10       2.924282         0.536593         0.585023          0.585023   
11       4.347864         0.442477         0.623141          0.777439   
12       2.909298         0.493711         0.638551          0.776764   
13      28.937596         0.419240         0.603947          0.791092   
14       2.857622         0.514523         0.646121          0.689307   
15      29.730795         0.426240         0.603947          0.791092   
16       2.993711         0.538427         0.589889          0.590565   
17      29.182546         0.440068         0.603947          0.791092   
18       4.492144         0.512975         0.617735          0.871857   
19     366.937722         0.450981         0.596918          0.796499   
20       3.565948         0.597464         0.636659          0.757231   
21     361.642250         0.454261         0.596918          0.796499   
22       3.058688         0.600469         0.648013          0.689375   
23     371.702181         0.495034         0.596918          0.796499   

   param_prediction__C param_prediction__decision_function_shape  \
0                    1                                       ovr   
1                    1                                       ovr   
2                    1                                       ovr   
3                    1                                       ovr   
4                    1                                       ovr   
5                    1                                       ovr   
6                   10                                       ovr   
7                   10                                       ovr   
8                   10                                       ovr   
9                   10                                       ovr   
10                  10                                       ovr   
11                  10                                       ovr   
12                 100                                       ovr   
13                 100                                       ovr   
14                 100                                       ovr   
15                 100                                       ovr   
16                 100                                       ovr   
17                 100                                       ovr   
18                1000                                       ovr   
19                1000                                       ovr   
20                1000                                       ovr   
21                1000                                       ovr   
22                1000                                       ovr   
23                1000                                       ovr   

   param_prediction__gamma param_prediction__kernel  \
0                     0.01                      rbf   
1                     0.01                   linear   
2                    0.001                      rbf   
3                    0.001                   linear   
4                   0.0001                      rbf   
5                   0.0001                   linear   
6                     0.01                      rbf   
7                     0.01                   linear   
8                    0.001                      rbf   
9                    0.001                   linear   
10                  0.0001                      rbf   
11                  0.0001                   linear   
12                    0.01                      rbf   
13                    0.01                   linear   
14                   0.001                      rbf   
15                   0.001                   linear   
16                  0.0001                      rbf   
17                  0.0001                   linear   
18                    0.01                      rbf   
19                    0.01                   linear   
20                   0.001                      rbf   
21                   0.001                   linear   
22                  0.0001                      rbf   
23                  0.0001                   linear   

                                               params  rank_test_score  \
0   {u'prediction__gamma': 0.01, u'prediction__ker...               21   
1   {u'prediction__gamma': 0.01, u'prediction__ker...                1   
2   {u'prediction__gamma': 0.001, u'prediction__ke...               22   
3   {u'prediction__gamma': 0.001, u'prediction__ke...                1   
4   {u'prediction__gamma': 0.0001, u'prediction__k...               22   
5   {u'prediction__gamma': 0.0001, u'prediction__k...                1   
6   {u'prediction__gamma': 0.01, u'prediction__ker...                6   
7   {u'prediction__gamma': 0.01, u'prediction__ker...                9   
8   {u'prediction__gamma': 0.001, u'prediction__ke...               19   
9   {u'prediction__gamma': 0.001, u'prediction__ke...                9   
10  {u'prediction__gamma': 0.0001, u'prediction__k...               22   
11  {u'prediction__gamma': 0.0001, u'prediction__k...                9   
12  {u'prediction__gamma': 0.01, u'prediction__ker...                7   
13  {u'prediction__gamma': 0.01, u'prediction__ker...               13   
14  {u'prediction__gamma': 0.001, u'prediction__ke...                5   
15  {u'prediction__gamma': 0.001, u'prediction__ke...               13   
16  {u'prediction__gamma': 0.0001, u'prediction__k...               19   
17  {u'prediction__gamma': 0.0001, u'prediction__k...               13   
18  {u'prediction__gamma': 0.01, u'prediction__ker...               12   
19  {u'prediction__gamma': 0.01, u'prediction__ker...               16   
20  {u'prediction__gamma': 0.001, u'prediction__ke...                8   
21  {u'prediction__gamma': 0.001, u'prediction__ke...               16   
22  {u'prediction__gamma': 0.0001, u'prediction__k...                4   
23  {u'prediction__gamma': 0.0001, u'prediction__k...               16   

         ...         split2_test_score  split2_train_score  split3_test_score  \
0        ...                  0.594046            0.588514           0.588633   
1        ...                  0.656292            0.738514           0.631935   
2        ...                  0.585927            0.584797           0.585927   
3        ...                  0.656292            0.738514           0.631935   
4        ...                  0.585927            0.584797           0.585927   
5        ...                  0.656292            0.738514           0.631935   
6        ...                  0.658999            0.687838           0.623816   
7        ...                  0.617050            0.773311           0.625169   
8        ...                  0.594046            0.588514           0.588633   
9        ...                  0.617050            0.773311           0.625169   
10       ...                  0.585927            0.584797           0.585927   
11       ...                  0.617050            0.773311           0.625169   
12       ...                  0.646820            0.772973           0.627876   
13       ...                  0.595399            0.792230           0.610284   
14       ...                  0.657645            0.684122           0.626522   
15       ...                  0.595399            0.792230           0.610284   
16       ...                  0.594046            0.588514           0.588633   
17       ...                  0.595399            0.792230           0.610284   
18       ...                  0.608931            0.865541           0.612991   
19       ...                  0.585927            0.797297           0.595399   
20       ...                  0.642760            0.757432           0.625169   
21       ...                  0.585927            0.797297           0.595399   
22       ...                  0.658999            0.684459           0.626522   
23       ...                  0.585927            0.797297           0.595399   

    split3_train_score  split4_test_score  split4_train_score  std_fit_time  \
0             0.590203           0.590786            0.590341      0.183436   
1             0.738176           0.655827            0.744005      0.116831   
2             0.584797           0.585366            0.584938      0.233342   
3             0.738176           0.655827            0.744005      0.043402   
4             0.584797           0.585366            0.584938      0.060475   
5             0.738176           0.655827            0.744005      0.018814   
6             0.694595           0.638211            0.696386      0.062296   
7             0.778041           0.620596            0.780817      0.287669   
8             0.591554           0.592141            0.591692      0.063734   
9             0.778041           0.620596            0.780817      0.181056   
10            0.584797           0.585366            0.584938      0.057446   
11            0.778041           0.620596            0.780817      0.137005   
12            0.773649           0.642276            0.781830      0.080091   
13            0.793919           0.592141            0.788247      4.353170   
14            0.690878           0.639566            0.694360      0.044380   
15            0.793919           0.592141            0.788247      4.197977   
16            0.591554           0.592141            0.591692      0.043033   
17            0.793919           0.592141            0.788247      4.629584   
18            0.874662           0.602981            0.873691      0.253462   
19            0.796622           0.588076            0.795677     54.972693   
20            0.752365           0.636856            0.763931      0.155278   
21            0.796622           0.588076            0.795677     61.784160   
22            0.691216           0.639566            0.694022      0.219501   
23            0.796622           0.588076            0.795677     66.899694   

    std_score_time  std_test_score  std_train_score  
0         0.039559        0.002812         0.000727  
1         0.009686        0.012079         0.003200  
2         0.089153        0.000934         0.000234  
3         0.005015        0.012079         0.003200  
4         0.006604        0.000934         0.000234  
5         0.007639        0.012079         0.003200  
6         0.004852        0.012200         0.003849  
7         0.010610        0.006464         0.004377  
8         0.018924        0.002807         0.001149  
9         0.015050        0.006464         0.004377  
10        0.006159        0.000934         0.000234  
11        0.028538        0.006464         0.004377  
12        0.007398        0.011071         0.004160  
13        0.008316        0.015797         0.002499  
14        0.011571        0.011787         0.003594  
15        0.009346        0.015797         0.002499  
16        0.005472        0.002807         0.001149  
17        0.020563        0.015797         0.002499  
18        0.057988        0.017022         0.003532  
19        0.032474        0.012133         0.002849  
20        0.027679        0.011661         0.003765  
21        0.059639        0.012133         0.002849  
22        0.060950        0.013305         0.003622  
23        0.034552        0.012133         0.002849  

[24 rows x 24 columns]